030626091724
030626091828
030626091938
030626092026
030626092050
030626092330
030626092436
030626092448
030626103832
030626112058
030626114848
030626114912
030626114918
030626114940
030626115136
030626115150
030626160852
030626160944
030626161354
030626162104
030626162126
030626162130
030626162446
030626162650
030626162700
030626162726
030626162730
030626162942
030626162948
030626163026
030626163216
030626163220
030626163224
030626163234
030626163306
030626163936
030626163944
030626164010
030626164030
030626164216
030626164522
030626164524
030626165220
030626165230
030626165652
030626165710
030626165728
030626165822
030626165832
030626165836
030626165926
030626165936
030626165948
030626170120
030626170600
030626170738
030626170742
030626170750
030626170954
030626171412
030626171434
030626171444
030626171450
030626171756
030626171802
030626172228
030626172244
030626172252
030626172532
030626172706
030626172714
030626172720
030626172732
030626172812
030626172950
030626174450
030626190142
030626190158
030626190222
030626190232
030626191152
030626191206
030626191228
030626191244
030626191452
030626191516
030626191630
030626191634
030626191648
030626191654
030626191704
030626191744
030626191754
030626191814
030626200528
030626200556
030626200620
030626200700
030626200912
