030622034522
030622040946
030622041148
030622041302
030622041306
030622041422
030622041424
030622041648
030622041658
030622041704
030622042140
030622042144
030622042154
030622042202
030622042208
030622042216
030622042852
030622042906
030622042912
030622042914
030622043854
030622044456
030622044520
030622044620
030622044756
030622044924
030622045306
030622045312
030622045314
030622045318
030622045636
030622045824
030622045846
030622045922
030622045958
030622050004
030622050100
030622050110
030622050116
030622051516
030622060226
030622060630
030622060636
030622064522
030622070946
030622071148
030622071302
030622071306
030622071422
030622071424
030622071440
030622071648
030622071658
030622071708
030622072140
030622072144
030622072154
030622072202
030622072208
030622072216
030622072852
030622072906
030622072912
030622072914
030622073854
030622074456
030622074520
030622074620
030622074756
030622074908
030622074924
030622075306
030622075312
030622075314
030622075318
030622075320
030622075336
030622075636
030622075644
030622075720
030622075824
030622075846
030622075922
030622075958
030622080004
030622080014
030622080100
030622080110
030622080116
030622081516
030622090226
030622090630
030622090636
030622095844
030622095938
030622095950
030622095956
030622100008
030622100106
030622100116
030622100118
030622100612
030622100622
030622100642
030622100810
030622100832
030622102542
030622102556
030622103200
030622103206
030622103232
030622103250
030622103318
030622103330
030622103342
030622103356
030622103402
030622103408
030622103502
030622103506
030622105326
030622105422
030622110342
030622110434
030622110810
030622110824
030622110838
030622110848
030622110850
030622110856
030622111008
030622111014
030622111238
030622111954
030622112622
030622112636
030622141936
030622190744
030622190816
030622192204
030622193832
030622193940
030622193954
030622194634
030622194636
030622194712
030622194732
030622194838
030622194850
030622195120
030622195636
030622204340
