021230034444
021230161828
030104151550
030104151650
030115201022
030115201116
030526072838
030528124134
030528124156
030528124218
030528131530
030528134538
030528134646
030528134702
030528134724
030528143658
030528143716
030531135320
030531135518
030601181240
030601181258
030601181456
030601181510
030608091050
030608091306
030608091552
030608094942
030608095004
030620185432
030620185442
030620191740
030620201716
030621071008
030621081048
030621081110
030621081220
030621081234
030621081822
030621082108
030621082434
030621083640
030621083644
030621084240
030621085310
030621142756
030621142834
030621151106
030621151200
030621151206
030621151222
030621151228
030621151230
030621151306
030621151310
030621151326
030621151454
030621152022
030621153348
030621153428
030621153954
030621153958
030621154002
030621154156
030621154638
030621154814
030622064522
030622070946
030622071148
030622071302
030622071306
030622071422
030622071424
030622071440
030622071648
030622071658
030622071704
030622071708
030622072140
030622072144
030622072154
030622072202
030622072208
030622072216
030622072852
030622072906
030622072912
030622072914
030622073854
030622074456
030622074520
030622074620
030622074756
030622074908
030622074924
030622075306
030622075312
030622075314
030622075318
030622075320
030622075336
030622075636
030622075644
030622075720
030622075824
030622075846
030622075922
030622075958
030622080004
030622080014
030622080100
030622080110
030622080116
030622081516
030622090226
030622090630
030622090636
030622095844
030622095938
030622095950
030622095956
030622100008
030622100106
030622100116
030622100118
030622100612
030622100622
030622100642
030622100810
030622100832
030622102542
030622102556
030622103200
030622103206
030622103232
030622103250
030622103318
030622103330
030622103342
030622103356
030622103402
030622103408
030622103506
030622105326
030622105422
030622110342
030622110434
030622110810
030622110824
030622110838
030622110848
030622110850
030622110856
030622111008
030622111014
030622111238
030622111954
030622112622
030622112636
030622141936
030622190744
030622190816
030622192204
030622193832
030622193940
030622193954
030622194634
030622194636
030622194712
030622194732
030622194838
030622194850
030622195120
030622195636
030622204340
030623110904
030623110926
030623111958
030623112006
030623112022
030623113524
030623114456
030623114530
030623115404
030623132752
030623132804
030623132844
030623133036
030623135912
030623140520
030623152238
030623152250
030623161954
030623162016
030623162034
030623170302
030623170320
030623170410
030623170526
030623170538
030623170754
030623170814
030623170932
030623170944
030623170948
030623174856
030623174906
030623213740
030624045552
030624045608
030624045650
030624045704
030624045726
030624045932
030624045946
030624050134
030624050206
030624050220
030624050422
030624050436
030624050548
030624050810
030624051134
030624051202
030624051314
030624051510
030624051518
030624051634
030624051716
030624051722
030624051856
030624051946
030624052026
030624052128
030624053020
030624053038
030624053152
030624053250
030624053922
030624053930
030624053958
030624054048
030624054130
030624060416
030624060656
030624060708
030624060752
030624072758
030624072802
030624072858
030624072902
030624072924
030624072932
030624073256
030624074202
030624083912
030624164042
030624164142
030624173950
030624174558
030624181316
030624184952
030624184958
030624185004
030624185040
030624185150
030624185200
030624185224
030624185228
030624185310
030624185318
030624190000
030624190020
030624190034
030624190040
030624190106
030624190404
030624190456
030624190508
030624190514
030624190522
030624190544
030624190548
030624190554
030624191200
030624191206
030624191216
030624191244
030624191252
030624192124
030624192134
030624192142
030624192216
030624192234
030624193256
030624193310
030624193316
030624193836
030624193854
030624193908
030624194058
030624194156
030624194240
030624194244
030624194340
030624194358
030624194424
030624194450
030624194608
030624194618
030624194620
030624194714
030624194722
030624194728
030624194800
030624194806
030624194820
030624195144
030624195156
030624195206
030625094804
030625094818
030625094912
030626091724
030626091828
030626091938
030626092026
030626092050
030626092330
030626092436
030626092448
030626103832
030626112058
030626114848
030626114912
030626114918
030626114940
030626115136
030626115150
030626160852
030626160944
030626161354
030626162104
030626162126
030626162130
030626162446
030626162650
030626162700
030626162726
030626162730
030626162942
030626162948
030626163026
030626163216
030626163220
030626163224
030626163234
030626163306
030626163936
030626163944
030626164010
030626164030
030626164216
030626164522
030626164524
030626165220
030626165230
030626165652
030626165710
030626165728
030626165822
030626165832
030626165836
030626165926
030626165936
030626165948
030626170120
030626170600
030626170738
030626170742
030626170750
030626170954
030626171412
030626171434
030626171444
030626171450
030626171756
030626171802
030626172228
030626172244
030626172252
030626172532
030626172706
030626172714
030626172720
030626172732
030626172812
030626172950
030626174450
030626190142
030626190158
030626190222
030626190232
030626191152
030626191206
030626191228
030626191244
030626191452
030626191516
030626191630
030626191634
030626191648
030626191654
030626191704
030626191744
030626191754
030626191814
030626200528
030626200556
030626200620
030626200700
030626200912
